 coslat=  0.93969274      0.92718399      0.91354561      0.89879423      0.88294774      0.86602557      0.84804827      0.82903785      0.80901730      0.78801107      0.76604480      0.74314523      0.71934021      0.69465882      0.66913110      0.64278817      0.61566204      0.58778584      0.55919355    
 ngrd=          232
 ......... CALL OFROTA BEGIN
 ier=    0
 rotation effectiveness=   148.91
 vvv=   148.90695    
 nf=            5
 km=           1  eval=  0.41125786      reval=  0.32769349    
 km=           2  eval=  0.25940526      reval=  0.31692752    
 km=           3  eval=  9.51804295E-02  reval=  0.11292167    
 km=           4  eval=  6.88743964E-02  reval=  7.45628998E-02
 km=           5  eval=  4.39872853E-02  reval=  4.65997458E-02
 .........  ROTATE PC
 ...... OK ROTATION
 reval=            1  0.32769349    
 reval=            2  0.31692752    
 reval=            3  0.11292167    
 reval=            4  7.45628998E-02
 reval=            5  4.65997458E-02
 reval=            6   0.0000000    
 reval=            7   0.0000000    
 reval=            8   0.0000000    
 reval=            9   0.0000000    
 reval=           10   0.0000000    
 total=   0.87870532    
