
   Parameter         Uncertainty
    A(1) = 1.019317   0.020371
    A(2) = 1.996711   0.003502
    A(3) = 3.006859   0.014188
    A(4) = 3.988801   0.014117
    A(5) = 4.990870   0.014218

   Chi-squared = 0.956572E+02

   Full covariance matrix
     0.41E-03   -0.62E-04   -0.32E-04   -0.15E-04   -0.24E-04
    -0.62E-04    0.12E-04    0.53E-05    0.12E-05    0.46E-05
    -0.32E-04    0.53E-05    0.20E-03    0.14E-04   -0.89E-05
    -0.15E-04    0.12E-05    0.14E-04    0.20E-03    0.13E-04
    -0.24E-04    0.46E-05   -0.89E-05    0.13E-04    0.20E-03

 press RETURN to continue...

   Parameter         Uncertainty
    A(1) = 1.019317   0.020371
    A(2) = 1.996711   0.003502
    A(3) = 3.006859   0.014188
    A(4) = 3.988801   0.014117
    A(5) = 4.990870   0.014218

   Chi-squared = 0.956572E+02

   Full covariance matrix
     0.41E-03   -0.62E-04   -0.32E-04   -0.15E-04   -0.24E-04
    -0.62E-04    0.12E-04    0.53E-05    0.12E-05    0.46E-05
    -0.32E-04    0.53E-05    0.20E-03    0.14E-04   -0.89E-05
    -0.15E-04    0.12E-05    0.14E-04    0.20E-03    0.13E-04
    -0.24E-04    0.46E-05   -0.89E-05    0.13E-04    0.20E-03
