 coslat=  1.2675908E-06  4.3620646E-02  8.7156989E-02  0.1305273      0.1736493      0.2164407      0.2588200      0.3007067      0.3420210      0.3826843      0.4226191      0.4617494      0.5000007      0.5373003      0.5735770      0.6087620      0.6427882      0.6755907      0.7071072      0.7372777      0.7660448      0.7933536      0.8191524      0.8433917      0.8660256      0.8870110      0.9063079      0.9238796      0.9396927      0.9537171      0.9659259      0.9762961      0.9848078      0.9914449      0.9961947      0.9990482       1.000000      0.9990482      0.9961947      0.9914449      0.9848078      0.9762961      0.9659259      0.9537171      0.9396927      0.9238796      0.9063079      0.8870110      0.8660256      0.8433917      0.8191524      0.7933536      0.7660448      0.7372777      0.7071072      0.6755907      0.6427882      0.6087620      0.5735770      0.5373003      0.5000007      0.4617494      0.4226191      0.3826843      0.3420210      0.3007067      0.2588200      0.2164407      0.1736493      0.1305273      8.7156989E-02  4.3620646E-02  1.2675908E-06
 ngrd=         5328
 ......... CALL OFROTA BEGIN
 ier=    0
 rotation effectiveness=*********
 vvv=   3427449.    
 nf=           15
 km=           1  eval=  0.2425347      reval=  0.2165236    
 km=           2  eval=  0.1753128      reval=  0.1708760    
 km=           3  eval=  7.0725076E-02  reval=  4.5959473E-02
 km=           4  eval=  6.4405680E-02  reval=  4.4806734E-02
 km=           5  eval=  5.1355161E-02  reval=  4.4271976E-02
 km=           6  eval=  4.5269564E-02  reval=  4.4119075E-02
 km=           7  eval=  3.6886804E-02  reval=  4.3214343E-02
 km=           8  eval=  3.1370863E-02  reval=  4.0282842E-02
 km=           9  eval=  2.7200060E-02  reval=  4.0204361E-02
 km=          10  eval=  2.3879588E-02  reval=  3.3181392E-02
 km=          11  eval=  2.1337999E-02  reval=  3.2502823E-02
 km=          12  eval=  1.9408256E-02  reval=  2.7129784E-02
 km=          13  eval=  1.6021647E-02  reval=  2.5720812E-02
 km=          14  eval=  1.3547440E-02  reval=  2.4270562E-02
 km=          15  eval=  1.3298329E-02  reval=  1.9489177E-02
 .........  ROTATE PC
 ...... OK ROTATION
 eval=            1  0.2422607    
 eval=            2  0.1751147    
 eval=            3  7.0645168E-02
 eval=            4  6.4332902E-02
 eval=            5  5.1297151E-02
 eval=            6  4.5218419E-02
 eval=            7  3.6845136E-02
 eval=            8  3.1335413E-02
 eval=            9  2.7169326E-02
 eval=           10  2.3852617E-02
 eval=           11  2.1313900E-02
 eval=           12  1.9386332E-02
 eval=           13  1.6003551E-02
 eval=           14  1.3532133E-02
 eval=           15  1.3283303E-02
 eval=           16  1.0728178E-02
 eval=           17  1.0313348E-02
 eval=           18  9.8106936E-03
 eval=           19  9.5319478E-03
 eval=           20  8.9857271E-03
 total=   0.9009607    
 reval=            1  0.2165236    
 reval=            2  0.1708760    
 reval=            3  4.5959473E-02
 reval=            4  4.4806734E-02
 reval=            5  4.4271976E-02
 reval=            6  4.4119075E-02
 reval=            7  4.3214343E-02
 reval=            8  4.0282842E-02
 reval=            9  4.0204361E-02
 reval=           10  3.3181392E-02
 reval=           11  3.2502823E-02
 reval=           12  2.7129784E-02
 reval=           13  2.5720812E-02
 reval=           14  2.4270562E-02
 reval=           15  1.9489177E-02
 total=   0.8525529    
