 read in data
 hur=   2.0000000       3.0000000       4.0000000       7.0000000       4.0000000       3.0000000       5.0000000       7.0000000       8.0000000       4.0000000       4.0000000       4.0000000       3.0000000       11.000000       9.0000000       3.0000000       10.000000       8.0000000       8.0000000       9.0000000       4.0000000       7.0000000       9.0000000       15.000000       5.0000000       6.0000000       8.0000000       3.0000000       12.000000       7.0000000       10.000000       2.0000000       6.0000000       4.0000000       7.0000000    
 var=  0.52995986      0.24452999      0.13851641      5.30550890E-02  2.79162042E-02
 cor=  0.72798342      0.49449974      0.37217793      0.23033690      0.16708143    
 accumulated var=  0.99397761    
 hur_avg=   6.3142858    
