 read in data
 hur=   6.0000000       7.0000000       11.000000       8.0000000       8.0000000       6.0000000       5.0000000       10.000000       4.0000000       3.0000000       7.0000000       7.0000000       4.0000000       8.0000000       3.0000000       7.0000000       6.0000000       4.0000000       7.0000000       6.0000000       4.0000000       10.000000       3.0000000       5.0000000       3.0000000       4.0000000       4.0000000       6.0000000       6.0000000       5.0000000       5.0000000       5.0000000       9.0000000       7.0000000       2.0000000       3.0000000       4.0000000       7.0000000       4.0000000       3.0000000       5.0000000       7.0000000       8.0000000       4.0000000       4.0000000       4.0000000       3.0000000       11.000000       9.0000000       3.0000000       10.000000       8.0000000       8.0000000       9.0000000       4.0000000       7.0000000       9.0000000       15.000000       5.0000000       6.0000000       8.0000000       3.0000000       12.000000       7.0000000       10.000000       2.0000000       6.0000000       4.0000000       7.0000000    
 var=  0.35210001      0.20967744      0.14037202      8.50447342E-02  6.33196086E-02  4.76277918E-02
 cor=  0.59338015      0.45790550      0.37466255      0.29162431      0.25163388      0.21823792    
 accumulated var=  0.89814168    
 hur_avg=   6.1449275    
