 read in data
 hur=   2.0000000       3.0000000       4.0000000       7.0000000       4.0000000       3.0000000       5.0000000       7.0000000       8.0000000       4.0000000       4.0000000       4.0000000       3.0000000       11.000000       9.0000000       3.0000000       10.000000       8.0000000       8.0000000       9.0000000       4.0000000       7.0000000       9.0000000       15.000000       5.0000000       6.0000000       8.0000000       3.0000000       12.000000       7.0000000       10.000000       2.0000000       6.0000000       4.0000000       7.0000000    
 var=  0.50408405      0.29801670      0.12294632      7.56731704E-02  2.98723783E-02
 accumulated var=   1.0305927    
 hur_avg=   6.3142858    
