 read in data
 hur=   6.0000000       7.0000000       11.000000       8.0000000       8.0000000       6.0000000       5.0000000       10.000000       4.0000000       3.0000000       7.0000000       7.0000000       4.0000000       8.0000000       3.0000000       7.0000000       6.0000000       4.0000000       7.0000000       6.0000000       4.0000000       10.000000       3.0000000       5.0000000       3.0000000       4.0000000       4.0000000       6.0000000       6.0000000       5.0000000       5.0000000       5.0000000       9.0000000       7.0000000       2.0000000       3.0000000       4.0000000       7.0000000       4.0000000       3.0000000       5.0000000       7.0000000       8.0000000       4.0000000       4.0000000       4.0000000       3.0000000       11.000000       9.0000000       3.0000000       10.000000       8.0000000       8.0000000       9.0000000       4.0000000       7.0000000       9.0000000       15.000000       5.0000000       6.0000000       8.0000000       3.0000000       12.000000       7.0000000       10.000000       2.0000000       6.0000000       4.0000000       7.0000000    
 var=  0.22144777      0.18573806      0.14262593      0.13569248      0.11484489      6.83743805E-02
 cor=  0.47058237      0.43097338      0.37765849      0.36836460      0.33888772      0.26148495    
 accumulated var=  0.86872351    
 hur_avg=   6.1449275    
