 read in data
 hur=   6.0000000       7.0000000       11.000000       8.0000000       8.0000000       6.0000000       5.0000000       10.000000       4.0000000       3.0000000       7.0000000       7.0000000       4.0000000       8.0000000       3.0000000       7.0000000       6.0000000       4.0000000       7.0000000       6.0000000       4.0000000       10.000000       3.0000000       5.0000000       3.0000000       4.0000000       4.0000000       6.0000000       6.0000000       5.0000000       5.0000000       5.0000000       9.0000000       7.0000000       2.0000000       3.0000000       4.0000000       7.0000000       4.0000000       3.0000000       5.0000000       7.0000000       8.0000000       4.0000000       4.0000000       4.0000000       3.0000000       11.000000       9.0000000       3.0000000       10.000000       8.0000000       8.0000000       9.0000000       4.0000000       7.0000000       9.0000000       15.000000       5.0000000       6.0000000       8.0000000       3.0000000       12.000000       7.0000000       10.000000       2.0000000       6.0000000       4.0000000       7.0000000    
 var=  0.41240636      0.19259614      0.15184453      9.02951285E-02  7.58931041E-02  2.89519187E-02
 cor=  0.64218873      0.43885776      0.38967234      0.30049148      0.27548704      0.17015263    
 accumulated var=  0.95198721    
 hur_avg=   6.1449275    
