 read in data
 hur=   6.0000000       7.0000000       11.000000       8.0000000       8.0000000       6.0000000       5.0000000       10.000000       4.0000000       3.0000000       7.0000000       7.0000000       4.0000000       8.0000000       3.0000000       7.0000000       6.0000000       4.0000000       7.0000000       6.0000000       4.0000000       10.000000       3.0000000       5.0000000       3.0000000       4.0000000       4.0000000       6.0000000       6.0000000       5.0000000       5.0000000       5.0000000       9.0000000       7.0000000       2.0000000       3.0000000       4.0000000       7.0000000       4.0000000       3.0000000       5.0000000       7.0000000       8.0000000       4.0000000       4.0000000       4.0000000       3.0000000       11.000000       9.0000000       3.0000000       10.000000       8.0000000       8.0000000       9.0000000       4.0000000       7.0000000       9.0000000       15.000000       5.0000000       6.0000000       8.0000000       3.0000000       12.000000       7.0000000       10.000000       2.0000000       6.0000000       4.0000000       7.0000000    
 var=  0.37040249      0.18881764      0.15464054      0.11464139      7.34129101E-02  4.45905179E-02
 cor=  0.60860699      0.43453151      0.39324361      0.33858734      0.27094817      0.21116467    
 accumulated var=  0.94650549    
 hur_avg=   6.1449275    
