 read in data
 hur=   6.0000000       7.0000000       11.000000       8.0000000       8.0000000       6.0000000       5.0000000       10.000000       4.0000000       3.0000000       7.0000000       7.0000000       4.0000000       8.0000000       3.0000000       7.0000000       6.0000000       4.0000000       7.0000000       6.0000000       4.0000000       10.000000       3.0000000       5.0000000       3.0000000       4.0000000       4.0000000       6.0000000       6.0000000       5.0000000       5.0000000       5.0000000       9.0000000       7.0000000       2.0000000       3.0000000       4.0000000       7.0000000       4.0000000       3.0000000       5.0000000       7.0000000       8.0000000       4.0000000       4.0000000       4.0000000       3.0000000       11.000000       9.0000000       3.0000000       10.000000       8.0000000       8.0000000       9.0000000       4.0000000       7.0000000       9.0000000       15.000000       5.0000000       6.0000000       8.0000000       3.0000000       12.000000       7.0000000       10.000000       2.0000000       6.0000000       4.0000000       7.0000000    
 var=  0.30317953      0.16911556      0.14430436      0.12768205      0.10511660      6.33252189E-02
 cor=  0.55061740      0.41123661      0.37987414      0.35732624      0.32421690      0.25164503    
 accumulated var=  0.91272330    
 hur_avg=   6.1449275    
