 xlat=  20.  22.  24.  26.  28.  30.  32.  34.  36.  38.  40.  42.  44.  46.
  48.  50.  52.  54.  56.
 coslat=  1.  1.  1.  1.  1.  1.  1.  1.  1.  1.  1.  1.  1.  1.  1.  1.  1.
  1.  1.
 avghs1=  12.019268
 avghs2=  21.8401737
